time,x,y,z,phi,theta,psi,x_velocity,y_velocity,z_velocity,phi_velocity,theta_velocity,psi_velocity,rotor_speed1,rotor_speed2,rotor_speed3,rotor_speed4
0.06,8.64341175651556e-08,2.1153418572666073e-07,10.001795337420422,0.0002231765527582752,6.282966293664916,0.0,1.2211302291564778e-05,1.861632440757532e-05,0.059842751769967895,0.010278783884486605,-0.012189256288775468,0.0,424.814248314699,423.76801982281336,423.20202916846824,424.08562193376605
0.12000000000000001,8.35320567948532e-06,8.58827225960342e-06,10.008807828198373,0.0009939979556525813,6.281916005875544,0.0,0.00035296380508037967,0.000333280468909571,0.1738955942368276,0.017543586823552455,-0.031122038968613305,0.0,442.2978340195524,440.7361186484288,440.8733694713214,441.47298649100674
0.18,6.714763939919669e-05,5.6098482052909624e-05,10.024810880729802,0.0018536499379706584,6.279844356143489,0.0,0.0018314504712936418,0.0013610737553055425,0.3594981994554164,0.0069626728540481565,-0.04239596515282712,0.0,464.2772866085836,463.3915801262578,463.2146756140415,462.38188649772053
0.23999999999999996,0.0002522295288546779,0.0001763026904560193,10.048573774751661,0.0017844019194441785,6.277724527425036,0.0,0.004563655070338952,0.0026721867825463272,0.432571926248108,-0.027001513301279992,-0.02401719196148282,0.0,428.71948641852657,430.27730707947734,428.7907645319388,425.89614462857827
0.3,0.0006626928747616625,0.0003719573361133154,10.080724637474395,6.2830572589688884,6.2762673414935914,0.0,0.00928857826140857,0.0036443262848581937,0.6390297005373698,-0.04403512895231575,-0.02483035786721045,0.0,469.8573033779847,469.7942217510754,470.2259894208484,468.9044377951785
0.36000000000000004,0.0013352028575013978,0.0005806691388224711,10.117411847623595,6.280247273078494,6.27460554817338,0.0,0.013252609169718434,0.0030977943806853683,0.5839065496208827,-0.05311386537627409,-0.03415203553437252,0.0,385.11516013149884,384.2322218289571,385.71859072826,384.85866170564776
0.4200000000000001,0.0022989106828074112,0.000700162943597797,10.153599480983313,6.277054950924107,6.272533659468362,0.0,0.019062174920039778,0.0005891375241778704,0.622324469498449,-0.05338893672515704,-0.03530120087301394,0.0,417.9478833293433,417.8471448865489,416.672886453113,416.64677428995697
0.48000000000000015,0.0037177541325340326,0.0005687010314190857,10.198188560074607,6.274307169735787,6.2703817859985485,0.0,0.02849338762802312,-0.005332091032376099,0.863821289548879,-0.0338098647047529,-0.03701550843976753,0.0,479.6746594544073,479.54400539940593,479.9564355978254,481.43874162840245
0.5400000000000001,0.005745485437075563,2.5892285749523892e-05,10.256433823568525,6.272035522961554,6.268181678464048,0.0,0.039357948471757956,-0.013013489895279982,1.0775043453276842,-0.047528763287031824,-0.03598339581022492,0.0,472.62349039263836,472.7024921858168,472.66803378103464,471.6090833416262
0.6000000000000002,0.008440656187244884,-0.0010080774563180647,10.325108968078373,6.269248603772887,6.266308943903599,0.0,0.05069325605125113,-0.02175225530219778,1.2115270738983293,-0.04437214484715744,-0.023062758945510534,0.0,448.23465788737997,449.28297159077295,448.67698452924645,448.9318989124128
0.6600000000000003,0.011780009502248456,-0.0025633175875072614,10.397516969286718,6.267165008163619,6.264768801758249,0.0,0.06074352338336535,-0.030288653599419738,1.2020775318631123,-0.0202773160558928,-0.031469759829994684,0.0,402.1198445853953,401.35742126194594,401.6543763651534,403.83265129429185
0.7200000000000003,0.01587455728496692,-0.004769889020674952,10.475952873060232,6.266112186494478,6.26258054281201,0.0,0.07597491867165074,-0.04339350813543026,1.4122094134387917,-0.0125804479648551,-0.04904462524830211,0.0,472.7761595042609,471.41965304791955,471.7107453838029,472.3047645169481
0.7800000000000004,0.02089561832415008,-0.00775001100038059,10.564908067145911,6.265526796599174,6.259147489459636,0.0,0.09172350280474093,-0.056012528469189575,1.5527737822983096,-0.004634697413216435,-0.08337422510211624,0.0,453.1073453463434,450.33664588761627,451.2298487475686,451.8708963910706
0.8400000000000004,0.027033759386773895,-0.01156063116969227,10.665837614809403,6.264728314342477,6.253779318705202,0.0,0.11351687090227419,-0.07105363520430877,1.8111525464287428,-0.04277681488321246,-0.10586453386737742,0.0,486.8265324043226,485.13472558955385,489.3758406058335,486.52869648453594
0.9000000000000005,0.034441001518948355,-0.016192363774503667,10.776337748223083,6.262648515036586,6.247269738179412,0.0,0.13400621300814292,-0.08355535191019335,1.8720612950486049,-0.022027348138682314,-0.1143441917615226,0.0,427.57010362866475,426.83616725344314,427.3683101303044,429.13247704642254
0.9600000000000005,0.04345666247846485,-0.021751287251195326,10.897245415953916,6.261029937420922,6.24100940685857,0.0,0.1673397545317497,-0.10191828002829414,2.1576604640070616,-0.039382483922307115,-0.08948996860555557,0.0,494.4070568917376,496.22613532158147,496.84989098738083,495.5758184657993
1.0200000000000005,0.05432468092635769,-0.028299831054929895,11.028220472785746,6.258366623435361,6.236131438373803,0.0,0.1954043681763564,-0.11659936517206884,2.2080480148346173,-0.056976685786175506,-0.06857336583587721,0.0,424.89463300121173,426.67811714558246,426.47909896507826,424.9724165123676
1.0800000000000005,0.06719945034514536,-0.03590842979057048,11.167102721709385,6.254873733220034,6.232499432548966,0.0,0.23418878335887788,-0.13741913699746333,2.420895447101428,-0.06081268380366304,-0.047990295379660416,0.0,476.3578600193825,477.9266924018023,475.51797916436135,475.22192980231586
1.1400000000000006,0.0821286902797086,-0.044650461192256054,11.31182606555403,6.2509252262640995,6.229514858229869,0.0,0.26370099497001925,-0.15430182724054795,2.4032256596364463,-0.07835992137652091,-0.05349976421044671,0.0,404.4739530968922,403.97564302015223,404.995101944293,403.40993850846786
1.2000000000000006,0.09909952265086941,-0.054609877636437314,11.459511893383622,6.245977848609218,6.226028904295966,0.0,0.302325500264134,-0.1781716136296018,2.519342046647157,-0.09225108679779419,-0.06940055931462066,0.0,448.72238563406466,447.4273431888585,448.54214329795366,447.4070579478954
1.2600000000000007,0.11868394278174609,-0.06625342927969849,11.617931714831922,6.240556701579859,6.221952892499303,0.0,0.3509607092176819,-0.21059714102564042,2.760699059838854,-0.08680492064519052,-0.06515137160482926,0.0,486.50481335235736,486.8198171558444,485.3283339799413,485.7308247307246
1.3200000000000007,0.14129456654235384,-0.0799814061758737,11.790947832000546,6.2349129626787025,6.217997609714139,0.0,0.40317160689439235,-0.24763501264009938,3.0058172244641055,-0.1153553877272,-0.06750686602956635,0.0,489.34235686028995,489.1641962372699,488.65482332495185,486.5148146152005
1.3800000000000008,0.1665961750254429,-0.0956744923502383,11.970474177053156,6.228407826197325,6.213841430984125,0.0,0.44055830830548937,-0.2760258684194241,2.9784012402927544,-0.09727954988014498,-0.0730492215077091,0.0,404.3821221480547,403.8783607758398,404.0645680003475,405.6790655179615
1.4400000000000008,0.19414038627032265,-0.11312131040808948,12.14734325636505,6.222646818169842,6.210086497824314,0.0,0.47790356215789925,-0.30599545958065855,2.917330143444428,-0.09360566927050826,-0.04721735153156968,0.0,391.9985366123162,394.3880717914863,391.9712702750771,392.30334208949654
1.5000000000000009,0.22446953405208486,-0.13286453457036423,12.327158933794609,6.217353044523033,6.20708166482828,0.0,0.5333547488430905,-0.3526863093379615,3.0760269721744016,-0.07921079579084012,-0.0565270040047792,0.0,464.76626550435907,464.0345450019388,463.66267500397447,464.785997774448
1.560000000000001,0.25783623000634626,-0.15521377701343975,12.511832828656111,6.212788749085274,6.203848793673885,0.0,0.5791526362926969,-0.3926945603054529,3.079688148384831,-0.07043799138189659,-0.04905656897857385,0.0,415.8936266698633,416.5452870878892,415.4240810303372,416.1876077500056
1.620000000000001,0.2942708378742474,-0.18027774163391935,12.70001432471145,6.208954242982099,6.200740896366536,0.0,0.6356165203646289,-0.4431633486464465,3.1926353999033794,-0.05330189234851222,-0.05793667350057879,0.0,451.8851921340917,451.16707014553214,450.85705278242705,452.2364345105925
1.680000000000001,0.333997910584413,-0.20830165870327128,12.893021831704608,6.205816984425908,6.1970714889442995,0.0,0.6889368618075504,-0.49125432336993313,3.240732662547072,-0.05033332288015342,-0.06852872710715302,0.0,432.3325637385639,431.43632630759924,431.5298745054185,431.7785309798325
1.740000000000001,0.37727328618674266,-0.23951840931414825,13.092087528234778,6.2033091694274844,6.1931992196608565,0.0,0.7539660600150696,-0.5495663539596952,3.394245002506019,-0.028647301244918915,-0.057561814053213874,0.0,464.79465866951097,465.6504849801438,464.44382528811616,466.1406448291592
1.8000000000000012,0.42467414938856307,-0.2744092673028062,13.30189922997015,6.2018713815074165,6.189365529539884,0.0,0.8264180232778124,-0.6135939170985555,3.598755261505648,-0.01594117989463093,-0.08121583413875641,0.0,481.7262836055265,479.9313949107596,481.6952756899796,482.6551643002778
1.8600000000000012,0.476557262321412,-0.31320630484869366,13.52437590873447,6.201077176374845,6.184407790948583,0.0,0.9035278203156174,-0.6796840087820253,3.816310782972978,-0.008312918268831002,-0.08561463706355635,0.0,487.11060376242074,486.7766228741449,486.27823326144676,486.8494768134712
1.9200000000000013,0.5328475076505604,-0.35570774645221476,13.756510544934253,6.200631344579492,6.179125206147004,0.0,0.9733009261497004,-0.7370482105485494,3.9210445854784135,-0.005721659718960748,-0.09340169405533802,0.0,455.78745907619526,455.15837833298116,453.7671595428159,453.9752567374437
1.9800000000000013,0.5933356959574719,-0.40158288929490726,13.993982834531531,6.199850035178766,6.173414269470534,0.0,1.0434866350156498,-0.7921489386141565,3.994324641739732,-0.03454409439305721,-0.09900198316491113,0.0,446.0545733805941,445.5892626035723,446.9893185251606,444.63411955632256
2.0400000000000014,0.6581242572811696,-0.45076831476471574,14.235623354909128,6.19807083979304,6.1670854969732485,0.0,1.1166810909173785,-0.8475278466435116,4.059980827949923,-0.02132854764249261,-0.12336829797909173,0.0,444.82479021358415,442.8145993052057,444.0891552197369,445.1716393599207
2.1000000000000014,0.7272879702685459,-0.503204796172066,14.479963807042262,6.19666015464923,6.159528877876783,0.0,1.1894292499734795,-0.9004656485465168,4.084453441684606,-0.028279206301934832,-0.1316618335874079,0.0,431.975180611006,431.2601585447874,432.2416955697027,431.65539915847603
2.1600000000000015,0.8009154199985536,-0.5588168007903426,14.725433423114096,6.195550698824778,6.151452067208215,0.0,1.2655072389105826,-0.9533802657909904,4.097643891598606,-0.003877745316701353,-0.14128076733567313,0.0,428.5508074249796,427.7147651523149,428.10784728731954,430.1792764072601
2.2200000000000015,0.8794688492715605,-0.6177604677770074,14.973273774092732,6.195547032836828,6.143038821106515,0.0,1.3537058526127996,-1.0113933253790843,4.163262508030345,0.006649255855103611,-0.1381831227183224,0.0,446.02168032286676,446.256424909822,445.6454951812249,446.50522420486254
2.2800000000000016,0.9639993806698494,-0.6805024283000001,15.228678686552433,6.196909433317931,6.134355606007677,0.0,1.4648198270634174,-1.0798231894837647,4.34929524497355,0.04350205907150716,-0.1628417410905642,0.0,485.29224648894217,483.41942524201176,481.73713220861436,484.5160036281597
2.3400000000000016,1.0554421291433616,-0.7473331908242666,15.49547958252695,6.1999180393693045,6.125105637650202,0.0,1.584223450975842,-1.1474688181633959,4.543043005194459,0.060899878517944345,-0.1408603264702608,0.0,487.033893062096,488.6548210834926,487.2656275201317,488.56592616805955
2.4000000000000017,1.1537937106899798,-0.8179108186683764,15.77100290609942,6.2038538894635415,6.117221008630306,0.0,1.6948897540302383,-1.2047001747913935,4.640457437218588,0.07363673371418841,-0.11719504206190909,0.0,461.11060892455646,462.96101903553443,459.55658865266446,460.56816903215645
2.4600000000000017,1.259188952593093,-0.8919560254689609,16.053825014469357,6.208939360068172,6.1099473553858505,0.0,1.8189164666948388,-1.2629066702406138,4.78612410203302,0.10082738321601309,-0.13083371491145052,0.0,477.7559371282269,476.70248304636544,475.586391287676,477.6698193721006
2.520000000000002,1.3714140863756523,-0.9690596377263399,16.341010105444543,6.214792476033807,6.101744813210866,0.0,1.9225781736741054,-1.3067045433920306,4.786525297508286,0.09003619196785043,-0.15227419216050847,0.0,434.5130155905903,432.6933293403842,433.15134126977637,432.25112469598446
2.580000000000002,1.490750421269091,-1.0489643031606786,16.63222323823803,6.22071941374573,6.092360194173271,0.0,2.0561314605065313,-1.3561417826326543,4.9197175833196605,0.11217772946749861,-0.16631272406123404,0.0,476.4287496837647,475.33245293584235,473.9371895962399,475.6436453858387
2.640000000000002,1.617922297849387,-1.131586472125344,16.929454626188107,6.227213431610142,6.082237639313725,0.0,2.183796992980487,-1.397278515993378,4.9874041931843,0.09887938750149039,-0.17398569999981844,0.0,457.0672263796103,456.4287228140193,457.8618037554719,456.8122921832803
2.700000000000002,1.7526081806518123,-1.2164645122223072,17.229057562500383,6.233120574101946,6.071265491466358,0.0,2.306604760099953,-1.4314712035128139,4.999000174219339,0.09758506612983409,-0.21381174008322007,0.0,441.8201662355957,438.48907257002253,440.75912526655554,440.66053492234875
2.760000000000002,1.8954799849454473,-1.303430370964262,17.532151112558218,6.239182945841341,6.058540970990881,0.0,2.4569275607299903,-1.466761922944391,5.103194346205614,0.10717667523793642,-0.20881646322927,0.0,469.61179802200985,469.95747568331836,470.8082675935724,471.5580494344885
2.820000000000002,2.0475379264976303,-1.3923721264608728,17.84105002148874,6.245668645522569,6.046140539885318,0.0,2.6127461481087777,-1.4973072038496433,5.192553520828059,0.10986964439210725,-0.20270681326145926,0.0,467.46993271013565,467.9061667433342,467.8993802855242,468.1186470949922
2.880000000000002,2.208124587977369,-1.4828592727084597,18.150895749739195,6.252665647220109,6.033957914520478,0.0,2.74108557629931,-1.5184202223279726,5.135515453275942,0.12750732494426764,-0.2037251145882125,0.0,422.30690345371977,422.1762170002515,421.50587670591443,423.04045386807434
2.940000000000002,2.3781827537124465,-1.5746837394870217,18.463446191351327,6.260138274222392,6.022393204962842,0.0,2.9285190758309776,-1.5415687292587053,5.281585252071286,0.11784522605846832,-0.1768386317319822,0.0,486.2187597748556,488.1958580384044,487.6498774154274,486.9400343661326
3.000000000000002,2.5584267751551426,-1.6676344273088122,18.779870346000926,6.2671498286305365,6.011997825016165,0.0,3.0804123994776917,-1.55621297591291,5.265527883527287,0.11481254358405037,-0.16692101292664188,0.0,439.0661448561596,439.8590470288892,438.61492463129866,438.3753729303874
3.0600000000000023,2.747961435300013,-1.761349760081456,19.095334902245007,6.274164498247092,6.002973260640145,0.0,3.238099189619091,-1.5670652394137004,5.249603686536136,0.12080532590518918,-0.1292465097441711,0.0,438.36051528512746,441.45791109035684,439.46197904902556,439.9709184098853
3.1200000000000023,2.9473056749257984,-1.8556057353764819,19.41054442877533,6.281454417625429,5.995099892743969,0.0,3.407239817293545,-1.5741840651038064,5.256928828249408,0.12284915958192609,-0.13549639842215555,0.0,447.9686196435405,447.4443094461028,448.5832119321612,448.7623619870662
3.1800000000000024,3.1576017368416402,-1.9501640103022082,19.72843144591557,0.00609512986323324,5.986612682266564,0.0,3.6031590355041114,-1.5770295737611493,5.338392540810348,0.14240271444477925,-0.15731928151469346,0.0,472.33353390945484,470.6294192915142,473.27899842958465,474.79604433870423
3.2400000000000024,3.379579259072819,-2.044743627246288,20.050407239866704,0.014516188205131009,5.977986999047074,0.0,3.7966768363560286,-1.5748515375948593,5.393312644581379,0.13590012455275996,-0.12524466300702078,0.0,465.5524357697044,468.0368223035101,466.30269308158483,465.81163090715893
3.3000000000000025,3.614647725498762,-2.1389695222172485,20.379859187787467,0.022899623196906305,5.97014987927755,0.0,4.039285658308106,-1.565107018773203,5.586782205163965,0.14643809013311204,-0.14441574222211495,0.0,510.3857316264,509.0018652901142,509.64340315678226,510.41147990895087
3.3600000000000025,3.863626303829583,-2.2324793179380826,20.718359625513017,0.03139072411740518,5.9611257821695816,0.0,4.260490704380294,-1.5510490808833284,5.6953204977222756,0.12922222710190254,-0.16637255423947253,0.0,489.18114815842426,487.5235739073095,488.3633583655909,487.09380201056047
3.4200000000000026,4.1242519043451535,-2.325154068084075,21.057958195759106,0.039114717502639174,5.950725617710219,0.0,4.427710317573419,-1.5375421870647303,5.624415772323878,0.12773789894943344,-0.19326217100487003,0.0,433.46232546305265,431.165402583881,433.7734698691465,433.66437242140603
3.4800000000000026,4.395670782172132,-2.4168326431475395,21.395019734253008,0.04674633625818991,5.939579848743648,0.0,4.620320511388923,-1.517802683721844,5.61029548105837,0.12608347666022524,-0.1739064246125345,0.0,452.36085916414004,453.8840816903376,452.34548142012864,452.22664966552844
3.5400000000000027,4.678223018906567,-2.5072800849787957,21.729535807903922,0.053946215810860565,5.929103252288241,0.0,4.7987532133431765,-1.4965681531493986,5.539931035999694,0.1036461851297436,-0.1760532854488824,0.0,435.21605300495577,435.0062173051607,436.3176259164707,434.4529020402506
3.6000000000000028,4.9718040106531385,-2.5963225116609476,22.06027338306826,0.05990722063336307,5.918935837524122,0.0,4.987900859235856,-1.4710579031404267,5.484209269702651,0.08897085957855234,-0.1587698916863891,0.0,440.55070041742886,441.9498221510846,441.39563580769743,440.191046314158
3.660000000000003,5.27668383541476,-2.683773479367607,22.387140316173358,0.06474434810857144,5.909431261051779,0.0,5.175303675016709,-1.4435944078608838,5.41102242769044,0.053362419888949304,-0.15769952969386042,0.0,435.47853109109053,435.54371738875795,438.0152353950132,435.0479952502616
3.720000000000003,5.594050264255557,-2.769323210589972,22.7124198079832,0.06784069010472482,5.900226067929136,0.0,5.4039835029684875,-1.4078303422774108,5.430647923469054,0.047839393271135205,-0.1460093640012286,0.0,467.0458037804526,467.93585662072866,468.53708971523196,468.10895502979906
3.780000000000003,5.9245793215536855,-2.852789069152094,23.03711803216011,0.07074456464776357,5.891575472135013,0.0,5.614037124424707,-1.374155325713445,5.392027512791379,0.04949181605923925,-0.140746093400297,0.0,450.74161767749246,451.14778379404663,450.52858290730984,450.66360008208596
3.840000000000003,6.26812758883222,-2.934132959354112,23.360199461165422,0.07335780545325576,5.883111469223156,0.0,5.837878140399721,-1.337105705238077,5.376580595702755,0.02773940794537612,-0.1417150321698757,0.0,459.57304850305854,459.4784246878969,461.099935803963,459.37877789698
3.900000000000003,6.624528293321892,-3.0133311036458394,23.680697868310492,0.07537249802696966,5.874545624220843,0.0,6.042501948823151,-1.3027011282382523,5.306260192362009,0.0432491498419074,-0.14494667364794248,0.0,443.5127113661446,443.228066374567,442.0514529795204,443.3284731940203
3.960000000000003,6.9937064997512595,-3.090359382190264,23.99786879396128,0.07790352298985681,5.865746266119025,0.0,6.263743506132455,-1.2647322518206159,5.265424913727716,0.03996360559854529,-0.15030992367404936,0.0,454.350846019734,453.90086028980886,454.36335737872696,454.10072233770626
4.020000000000002,7.375094614373062,-3.1652732059209043,24.309929746991283,0.08002092726569732,5.856453724063895,0.0,6.449630015797423,-1.2322279550086674,5.136488739106145,0.023756398774292302,-0.16606115444674677,0.0,425.5928795445201,424.21799567749446,425.45711637901553,424.0673701516619
4.080000000000001,7.769236758479353,-3.237942330402565,24.61751912337226,0.08088984766570473,5.846360294064805,0.0,6.688754055152504,-1.1900190678250175,5.115527082336049,-0.02008196973653264,-0.1729366937968731,0.0,464.46759694750534,463.9020846970208,463.4693966122286,460.01003870905805
4.14,8.177788117303411,-3.3080834383748856,24.923650837743967,0.0792851801769201,5.835877199418537,0.0,6.929932638134064,-1.1481785904183504,5.087870663362168,-0.045414638606275905,-0.17853727060229269,0.0,463.5152581537183,463.0467299823213,463.5868683461527,461.5912420920267
4.199999999999998,8.601063469255989,-3.3757241125282165,25.228316698318025,0.07624763551897651,5.825224136752105,0.0,7.179517745077373,-1.1068032853231184,5.0665520656592635,-0.06388708250015947,-0.17565088072802398,0.0,467.9172794678134,468.1133288918345,467.4144181532966,465.97058554375445
4.259999999999997,9.0411111199202,-3.4406799982341476,25.53499457472789,0.07344552198084475,5.814596423273834,0.0,7.488756040534652,-1.0588288976188747,5.154071247704349,-0.02496500988765034,-0.18025611027826993,0.0,504.28658588395984,503.9275303940498,504.60280906680725,507.40408638986986
4.319999999999996,9.497960447242711,-3.5030816587753923,25.843082616442093,0.07288428047011752,5.803913634807117,0.0,7.739774339865482,-1.0213551363472957,5.114452161655276,0.011055316970328884,-0.1739634427466094,0.0,467.56040884175013,468.0216792488914,466.720925657487,469.52472067415493
4.379999999999995,9.96972884845268,-3.563275139811501,26.14822948719314,0.07365431135221634,5.793066015541541,0.0,7.986043025345809,-0.9850876109123099,5.056148182451405,0.016172629463076925,-0.20013546485575956,0.0,465.24600534862117,463.1607831836395,463.61866178705685,464.02055967759304
4.439999999999993,10.454673439160539,-3.621516669245112,26.446613012517055,0.07492454572525276,5.7813897462022865,0.0,8.179256128089309,-0.9562226516802814,4.889748019919078,0.02965160592926201,-0.18537449749816323,0.0,426.4845273174309,427.70502978148994,427.4318622029063,428.5794705666867
4.499999999999992,10.950315192772408,-3.678142185998475,26.733185032167306,0.07715608429324838,5.769830283686932,0.0,8.342685506976922,-0.9311473538682208,4.662922987282223,0.04911410736788342,-0.21404035511731864,0.0,406.2722158736339,403.6514353017903,403.4353602656224,405.1903020268844
4.559999999999991,11.458004888125856,-3.7329387323040586,27.009932547454437,0.08024421630432066,5.757235984935486,0.0,8.580624716759354,-0.8952389846346281,4.561110568664231,0.05580383068852519,-0.20271629680248435,0.0,451.2199240867674,452.09075711466556,451.3220470076356,451.86348437675633
4.6199999999999894,11.980196830348476,-3.7855223805025484,27.280681373184372,0.0834566559078862,5.744539315218297,0.0,8.826005385231234,-0.8573698878426438,4.462915671042138,0.04858146356708633,-0.24262413147747536,0.0,456.5191472296027,453.2773196539791,455.45781046918245,454.88141987882744
4.679999999999988,12.517343443311052,-3.8357763185875857,27.545626901116982,0.08582196001008935,5.729843763218348,0.0,9.079205519044974,-0.8176406734627084,4.3673985457312705,0.005994574543331917,-0.24996860884195732,0.0,459.1273695947862,458.48600880259517,459.9253383930997,456.53936732942066
4.739999999999987,13.067503160934775,-3.8839454347876514,27.801000510011274,0.08604082721087547,5.715058216601243,0.0,9.260024332590643,-0.7879737268414914,4.144874187692478,-0.00151617299609619,-0.24015628450703216,0.0,412.482654020879,413.2826510391444,413.53627512165866,412.87382148044526
4.799999999999986,13.632757312709508,-3.9297782038201388,28.0494018005649,0.08613069983254906,5.70025246120268,0.0,9.581731368771315,-0.7399414709938468,4.133096367820594,0.006931731912234539,-0.2651425691627754,0.0,492.94656676273826,491.0406404894288,491.5808838747067,492.2066584348414
4.859999999999984,14.214032061238607,-3.973183700308999,28.291750074880948,0.08646523389240457,5.684024890727695,0.0,9.794535532828988,-0.7069247265168341,3.9444926277849612,0.0027149430609225526,-0.28403994998962895,0.0,433.2837430070432,431.6146164708651,431.9476710258594,431.5916810491755
4.919999999999983,14.809364856800647,-4.014462184695218,28.524374767554896,0.08697334139954638,5.666442992156082,0.0,10.050178153942866,-0.6690974530832376,3.8083212444427827,0.01802295237260927,-0.32476993909742147,0.0,455.2148551021116,451.8539529447245,454.67768532173955,455.902803400672
4.979999999999982,15.420524800351567,-4.053431574661464,28.74913364536764,0.08782788909200168,5.646790466556444,0.0,10.322123086864291,-0.629949372122878,3.681891842575969,0.005341567552928619,-0.3337399908622398,0.0,462.44009678064157,461.62700250173873,462.18216206741147,461.1811122141809
5.0399999999999805,16.04562009060637,-4.090356979751079,28.962686591902177,0.0886131007866906,5.6267780932556715,0.0,10.514958091029031,-0.6009096826989551,3.435855722490892,0.025268267077555483,-0.3331428051334421,0.0,418.33447947850607,418.26471977385825,417.9242940852246,419.6582201885665
